joint_head_pan = -1.764346648700029
joint_head_tilt = -0.9806737758580246